Mercury:57900000.23:2111.66:270.67
Venus:108200000:5387:310
Earth:149600000:8766:315.9898
Mars:228000000.76767:16478:190.00
Jupiter:779300000:103.894:40.0023
Saturn:1427000000.9283966986:258070.787:325.0003
Neptune:2871000000:735928:350
Pluto:5913000000:2177736.8888:300
