Mercury:+57900000.23:+2111.66:270.67
Venus:10.8200000:5387:0.00
Earth:+1496.00000:8766:+915.9898
Mars:228000000.76767:16478:1190.00
Jupiter:779300.001:103.894:40.0023
Saturn:1427000000.9283966986:+258070.787:325.0003
Neptune:287100.0002:735928:350
Pluto:5913000.000:+2177736.8888:300
